   102150.097765   101779.213685   101600.310559   101260.024938   101691.028501   102091.055046   101666.880131   101552.257806   101649.686364
   102126.291899   101737.641056   101656.906832   101253.507897   101726.635688   102104.505607   101645.747126   101606.885508   101613.645455
   102041.110335   101691.908764   101738.757764   101274.679967   101781.338290   102112.624873   101633.940887   101719.287430   101566.781818
   101870.453911   101623.631453   101825.664596   101359.077307   101804.578686   102102.558614   101592.151067   101857.413931   101523.036364
   101671.012570   101542.112845   101880.534161   101511.147132   101769.033457   102069.750255   101500.870279   101934.547638   101513.913636
   101518.743017   101478.367347   101886.683230   101671.787199   101696.338290   102019.959225   101401.740558   101924.771817   101549.163636
   101431.124302   101423.079232   101854.751553   101789.833749   101592.577447   101951.972477   101330.147783   101853.899119   101606.095455
   102253.233240   101899.303721   101667.770186   101141.753948   101867.942999   102065.010194   101593.054187   101592.161729   101663.163636
   102179.776536   101767.953181   101738.006211   101150.615129   101853.897150   102068.267074   101556.371100   101653.698959   101583.931818
   102043.819832   101603.247299   101823.931677   101184.231089   101836.957869   102046.921509   101493.481117   101761.497198   101516.122727
   101855.467877   101452.028812   101890.689441   101288.287614   101792.329616   102009.791030   101403.399015   101870.632506   101477.613636
   101670.139665   101349.525810   101919.801242   101460.656692   101727.013631   101974.821611   101300.821018   101919.783827   101484.668182
   101526.773743   101289.873950   101897.229814   101624.829593   101630.526642   101924.153925   101204.433498   101878.502802   101524.900000
   101442.597765   101235.108043   101853.043478   101735.852037   101496.685254   101846.773700   101134.696223   101789.887910   101582.168182
   102212.821229   101796.158463   101755.378882   100954.322527   101911.753408   101931.233435   101374.105090   101637.774219   101655.681818
   102121.585196   101577.154862   101823.397516   100983.940150   101860.068154   101925.856269   101312.463054   101709.775821   101551.013636
   102016.571229   101380.780312   101883.906832   101049.035744   101817.410161   101906.269113   101236.436782   101782.930344   101495.227273
   101894.692737   101239.699880   101926.236025   101177.996675   101762.050805   101884.796126   101153.743842   101846.381105   101482.872727
   101759.497207   101153.955582   101943.018634   101364.463840   101692.496902   101871.340469   101080.591133   101878.470777   101499.727273
   101645.048883   101125.816327   101927.844720   101550.349127   101608.742255   101843.690112   101036.863711   101852.377902   101553.245455
   101607.604749   101119.297719   101928.279503   101695.278470   101509.417596   101789.347604   101023.448276   101801.329063   101653.018182
   102137.276536   101597.250900   101843.434783   100824.663342   101842.837670   101740.586137   101123.661741   101645.140112   101728.595455
   102051.787709   101296.920768   101916.136646   100845.627598   101757.348203   101707.573904   101012.200328   101715.196157   101611.831818
   101999.168994   101133.115246   101940.571429   100945.660848   101725.830235   101700.570846   100948.193760   101751.369095   101588.159091
   101959.036313   101069.081633   101963.720497   101105.469659   101714.584882   101716.345566   100914.318555   101779.583667   101614.490909
   101912.981844   101040.582233   102008.931677   101296.990856   101692.360595   101744.943935   100902.348112   101821.833467   101658.418182
   101885.174581   101056.374550   102051.279503   101493.100582   101657.280050   101769.638124   100930.755337   101849.863891   101742.940909
   101905.670391   101091.098439   102092.509317   101661.878637   101595.068154   101763.786952   100987.832512   101843.202562   101869.222727
   102221.208101   101767.545018   101872.720497   100864.297589   101951.691450   101640.682977   101058.571429   101596.749400   102019.459091
   102166.648045   101478.133253   101979.093168   100890.714879   101840.006196   101620.800204   100950.673235   101661.176942   101916.809091
   102133.393855   101296.224490   102016.192547   100961.188695   101794.510533   101602.706422   100883.908046   101679.207366   101905.645455
   102129.441341   101205.078031   102063.838509   101064.014963   101794.225527   101578.909276   100861.182266   101678.454764   101961.640909
   102148.344972   101148.223289   102166.826087   101207.772236   101781.765799   101567.364934   100878.801314   101709.847878   102034.890909
   102160.363128   101118.325330   102256.664596   101386.633416   101729.076828   101580.474006   100927.175698   101767.269816   102094.840909
   102139.608939   101097.040816   102285.614907   101552.817955   101636.493185   101590.739042   100977.865353   101811.160929   102121.440909
   102214.748603   101926.362545   101787.552795   100811.695761   102197.819083   101348.323140   100983.382594   101411.929544   102317.136364
   102237.807263   101797.953181   101910.527950   100856.974231   102143.853779   101396.646279   100972.430213   101462.097678   102300.577273
   102240.824022   101656.770708   102005.322981   100904.048213   102104.677819   101416.656473   100958.111658   101486.917534   102315.681818
   102233.226257   101497.214886   102108.652174   100963.183707   102041.152416   101384.383282   100953.054187   101488.494796   102343.936364
   102229.155028   101328.421369   102241.838509   101079.268495   101916.084263   101334.740061   100968.669951   101517.477982   102352.236364
   102212.304469   101187.022809   102350.434783   101260.581879   101759.027261   101320.377166   100996.896552   101604.899920   102321.081818
   102161.885475   101081.758703   102385.391304   101442.177889   101609.591078   101334.576962   101013.842365   101707.766213   102254.863636
   102017.101955   101755.762305   101793.621118   100773.699086   102354.993804   100923.154944   100894.154351   101231.825460   102504.572727
   102046.194134   101653.985594   101902.409938   100825.436409   102291.858736   100966.228338   100918.899836   101246.517214   102502.245455
   102056.040503   101526.548619   102016.031056   100876.367415   102216.195787   100989.704383   100942.298851   101256.669335   102499.763636
   102062.772346   101388.667467   102146.217391   100944.073150   102113.804213   100999.286442   100976.683087   101286.925540   102488.140909
   102078.351955   101256.020408   102284.695652   101061.454697   101961.294919   101009.796126   101028.669951   101358.839071   102461.422727
   102087.143855   101141.224490   102392.273292   101222.851205   101779.714994   101029.041794   101078.784893   101466.389111   102414.381818
   102072.074022   101053.805522   102436.658385   101377.755611   101612.038414   101051.967380   101107.701149   101573.226581   102347.131818
